2.500000000000000052e-03 4.368723940315172543e-04 5.794028944969177456e-04 1.000000000000000000e+01 2.499999999999999445e-02 9.999999999999995559e-01 9.999999999999994449e-01
5.000000000000000104e-03 1.386983395722991320e-03 1.251265778541564653e-03 1.000000000000000000e+01 4.999999999999998890e-02 1.000000000000001998e+00 1.000000000000000666e+00
7.499999999999999722e-03 2.726193598688748335e-03 1.963659780502319437e-03 1.000000000000000000e+01 7.500000000000002498e-02 1.000000000000001554e+00 1.000000000000000444e+00
1.000000000000000021e-02 4.403397802866209146e-03 2.703710309982300039e-03 1.000000000000000000e+01 9.999999999999997780e-02 9.999999999999984457e-01 9.999999999999988898e-01
1.250000000000000069e-02 6.387113147418376803e-03 3.464741653442382149e-03 1.000000000000000000e+01 1.250000000000000555e-01 1.000000000000005995e+00 1.000000000000003997e+00
1.499999999999999944e-02 8.655125172854978219e-03 4.242939117431640192e-03 1.000000000000000000e+01 1.500000000000000500e-01 1.000000000000002220e+00 1.000000000000001554e+00
1.750000000000000167e-02 1.119054752221655680e-02 5.036395355224609210e-03 1.000000000000000000e+01 1.749999999999999334e-01 9.999999999999998890e-01 9.999999999999991118e-01
2.000000000000000042e-02 1.397991660900855561e-02 5.841295673370361027e-03 1.000000000000000000e+01 1.999999999999999556e-01 9.999999999999988898e-01 9.999999999999995559e-01
2.249999999999999917e-02 1.701213360942035319e-02 6.657640071868897377e-03 1.000000000000000000e+01 2.250000000000001166e-01 1.000000000000002887e+00 1.000000000000000444e+00
2.500000000000000139e-02 2.027782025850374467e-02 7.485428550720215658e-03 1.000000000000000000e+01 2.500000000000001110e-01 9.999999999999993339e-01 9.999999999999988898e-01
2.750000000000000014e-02 2.376889968663413108e-02 8.320846416473386825e-03 1.000000000000000000e+01 2.749999999999999112e-01 1.000000000000001998e+00 1.000000000000000666e+00
2.999999999999999889e-02 2.747830960861286434e-02 9.163893669128418684e-03 1.000000000000000000e+01 3.000000000000000999e-01 1.000000000000003109e+00 1.000000000000001776e+00
3.250000000000000111e-02 3.139979815586956685e-02 1.001838500213622987e-02 1.000000000000000000e+01 3.249999999999997891e-01 1.000000000000000444e+00 1.000000000000001110e+00
3.500000000000000333e-02 3.552777381773337267e-02 1.087287633514404453e-02 1.000000000000000000e+01 3.499999999999998668e-01 1.000000000000000888e+00 1.000000000000000888e+00
3.749999999999999861e-02 3.985719220184134881e-02 1.174262644195556496e-02 1.000000000000000000e+01 3.749999999999997780e-01 9.999999999999977796e-01 9.999999999999988898e-01
4.000000000000000083e-02 4.438346866313572225e-02 1.262000593566894348e-02 1.000000000000000000e+01 3.999999999999999112e-01 1.000000000000001998e+00 1.000000000000000888e+00
4.250000000000000305e-02 4.910240960531569998e-02 1.349738542938232547e-02 1.000000000000000000e+01 4.250000000000000999e-01 1.000000000000004441e+00 1.000000000000001554e+00
4.499999999999999833e-02 5.401015757563490394e-02 1.438239430999755861e-02 1.000000000000000000e+01 4.500000000000002331e-01 1.000000000000000666e+00 1.000000000000000000e+00
4.750000000000000056e-02 5.910314675488026470e-02 1.527503257751464637e-02 1.000000000000000000e+01 4.750000000000000333e-01 1.000000000000003331e+00 1.000000000000002442e+00
5.000000000000000278e-02 6.437806641994177348e-02 1.616767084503173760e-02 1.000000000000000000e+01 5.000000000000002220e-01 1.000000000000001776e+00 1.000000000000000888e+00
5.249999999999999806e-02 6.983183061616861365e-02 1.706793849945067998e-02 1.000000000000000000e+01 5.249999999999994671e-01 1.000000000000000888e+00 1.000000000000000444e+00
5.500000000000000028e-02 7.546155273337934455e-02 1.797583554077148218e-02 1.000000000000000000e+01 5.499999999999998224e-01 9.999999999999984457e-01 9.999999999999977796e-01
5.750000000000000250e-02 8.126452400201039650e-02 1.887610319519043151e-02 1.000000000000000000e+01 5.749999999999996225e-01 1.000000000000002887e+00 1.000000000000001110e+00
5.999999999999999778e-02 8.723819515803994673e-02 1.979162962341308313e-02 1.000000000000000000e+01 6.000000000000001998e-01 1.000000000000001554e+00 1.000000000000000444e+00
6.250000000000000000e-02 9.338016069511986816e-02 2.071478543853759458e-02 1.000000000000000000e+01 6.250000000000000000e-01 9.999999999999986677e-01 1.000000000000000000e+00
6.500000000000000222e-02 9.968814524843304381e-02 2.163794125366210949e-02 1.000000000000000000e+01 6.499999999999995781e-01 9.999999999999983347e-01 9.999999999999993339e-01
6.750000000000000444e-02 1.061599917496586498e-01 2.256872645568847036e-02 1.000000000000000000e+01 6.750000000000003775e-01 1.000000000000002665e+00 1.000000000000000888e+00
7.000000000000000666e-02 1.127936510647163937e-01 2.349951165771484163e-02 1.000000000000000000e+01 6.999999999999997335e-01 1.000000000000001332e+00 1.000000000000000666e+00
7.249999999999999500e-02 1.195871728816533114e-01 2.443029685974120596e-02 1.000000000000000000e+01 7.250000000000004219e-01 1.000000000000002220e+00 1.000000000000002665e+00
7.499999999999999722e-02 1.265386976594032598e-01 2.536108206176757376e-02 1.000000000000000000e+01 7.499999999999995559e-01 1.000000000000000222e+00 9.999999999999997780e-01
7.749999999999999944e-02 1.336464494822321714e-01 2.630712603759765428e-02 1.000000000000000000e+01 7.750000000000002442e-01 1.000000000000003109e+00 1.000000000000001110e+00
8.000000000000000167e-02 1.409087296917187204e-01 2.725317001342773479e-02 1.000000000000000000e+01 7.999999999999998224e-01 9.999999999999977796e-01 9.999999999999985567e-01
8.250000000000000389e-02 1.483239111897334817e-01 2.819921398925780837e-02 1.000000000000000000e+01 8.250000000000008438e-01 1.000000000000002665e+00 1.000000000000000666e+00
8.500000000000000611e-02 1.558904333233032125e-01 2.914525796508788888e-02 1.000000000000000000e+01 8.500000000000001998e-01 1.000000000000002665e+00 1.000000000000001776e+00
8.750000000000000833e-02 1.636067972763761147e-01 3.010656071472168210e-02 1.000000000000000000e+01 8.749999999999993339e-01 1.000000000000001776e+00 1.000000000000000222e+00
8.999999999999999667e-02 1.714715619050619366e-01 3.106786346435546492e-02 1.000000000000000000e+01 9.000000000000004663e-01 1.000000000000003997e+00 1.000000000000002665e+00
9.249999999999999889e-02 1.794833399624114201e-01 3.201390744018554890e-02 1.000000000000000000e+01 9.249999999999996003e-01 1.000000000000001554e+00 1.000000000000000444e+00
9.500000000000000111e-02 1.876407946666557858e-01 3.299046896362305137e-02 1.000000000000000000e+01 9.500000000000000666e-01 1.000000000000000444e+00 1.000000000000000666e+00
9.750000000000000333e-02 1.959426365733581143e-01 3.395177171325682725e-02 1.000000000000000000e+01 9.749999999999996447e-01 9.999999999999966693e-01 9.999999999999977796e-01
1.000000000000000056e-01 2.043876207173881965e-01 3.491307446289061700e-02 1.000000000000000000e+01 1.000000000000000444e+00 1.000000000000003997e+00 1.000000000000002442e+00
1.025000000000000078e-01 2.129745439952234198e-01 3.588963598632811947e-02 1.000000000000000000e+01 1.025000000000000133e+00 1.000000000000003997e+00 1.000000000000001554e+00
1.049999999999999961e-01 2.217022427619426139e-01 3.686619750976562193e-02 1.000000000000000000e+01 1.049999999999998934e+00 9.999999999999975575e-01 9.999999999999990008e-01
1.074999999999999983e-01 2.305695906205727508e-01 3.784275903320312440e-02 1.000000000000000000e+01 1.075000000000000400e+00 9.999999999999991118e-01 1.000000000000000222e+00
1.100000000000000006e-01 2.395754963842402219e-01 3.881932055664062686e-02 1.000000000000000000e+01 1.099999999999999645e+00 9.999999999999987788e-01 9.999999999999996669e-01
1.125000000000000028e-01 2.487189021939621991e-01 3.979588208007811545e-02 1.000000000000000000e+01 1.125000000000000222e+00 9.999999999999997780e-01 9.999999999999994449e-01
1.150000000000000050e-01 2.579987817769727187e-01 4.078770237731933063e-02 1.000000000000000000e+01 1.149999999999999245e+00 1.000000000000001110e+00 1.000000000000001110e+00
1.175000000000000072e-01 2.674141388322413548e-01 4.177952267456054580e-02 1.000000000000000000e+01 1.175000000000000933e+00 9.999999999999992228e-01 1.000000000000000000e+00
1.199999999999999956e-01 2.769640055313594695e-01 4.275608419799804827e-02 1.000000000000000000e+01 1.200000000000000400e+00 1.000000000000000444e+00 1.000000000000000444e+00
1.224999999999999978e-01 2.866474411243132292e-01 4.376316326904296922e-02 1.000000000000000000e+01 1.225000000000000311e+00 1.000000000000001332e+00 9.999999999999997780e-01
1.250000000000000000e-01 2.964635306407854554e-01 4.473972479248047168e-02 1.000000000000000000e+01 1.250000000000000000e+00 1.000000000000000222e+00 1.000000000000000888e+00
1.275000000000000022e-01 3.064113836786572787e-01 4.574680386352537875e-02 1.000000000000000000e+01 1.274999999999999689e+00 9.999999999999981126e-01 9.999999999999983347e-01
1.300000000000000044e-01 3.164901332722426242e-01 4.675388293457030664e-02 1.000000000000000000e+01 1.299999999999999156e+00 9.999999999999976685e-01 9.999999999999980016e-01
1.325000000000000067e-01 3.266989348335688215e-01 4.773044445800780911e-02 1.000000000000000000e+01 1.324999999999999067e+00 9.999999999999973355e-01 9.999999999999981126e-01
1.350000000000000089e-01 3.370369651606872075e-01 4.873752352905273005e-02 1.000000000000000000e+01 1.350000000000000755e+00 1.000000000000001554e+00 1.000000000000001332e+00
1.375000000000000111e-01 3.475034215076024946e-01 4.974460260009764406e-02 1.000000000000000000e+01 1.375000000000000666e+00 1.000000000000001110e+00 9.999999999999996669e-01
1.400000000000000133e-01 3.580975207109298730e-01 5.075168167114256501e-02 1.000000000000000000e+01 1.399999999999999467e+00 9.999999999999993339e-01 9.999999999999988898e-01
1.425000000000000155e-01 3.688184983688679308e-01 5.175876074218749290e-02 1.000000000000000000e+01 1.424999999999999822e+00 9.999999999999975575e-01 9.999999999999990008e-01
1.449999999999999900e-01 3.796656080684787105e-01 5.276583981323242079e-02 1.000000000000000000e+01 1.450000000000000844e+00 1.000000000000002665e+00 1.000000000000002220e+00
1.474999999999999922e-01 3.906381206576536869e-01 5.377291888427734173e-02 1.000000000000000000e+01 1.474999999999998757e+00 9.999999999999980016e-01 9.999999999999988898e-01
1.499999999999999944e-01 4.017353235584457116e-01 5.481051550292967423e-02 1.000000000000000000e+01 1.499999999999999112e+00 9.999999999999971134e-01 9.999999999999985567e-01
1.524999999999999967e-01 4.129565201187857526e-01 5.581759457397460211e-02 1.000000000000000000e+01 1.525000000000000355e+00 1.000000000000000222e+00 9.999999999999991118e-01
1.549999999999999989e-01 4.243010289998207507e-01 5.682467364501952306e-02 1.000000000000000000e+01 1.550000000000000488e+00 1.000000000000000444e+00 1.000000000000000222e+00
1.575000000000000011e-01 4.357681835963789774e-01 5.786227026367186943e-02 1.000000000000000000e+01 1.574999999999999289e+00 1.000000000000002887e+00 1.000000000000001332e+00
1.600000000000000033e-01 4.473573314882737795e-01 5.886934933471679732e-02 1.000000000000000000e+01 1.599999999999999645e+00 9.999999999999988898e-01 1.000000000000000000e+00
1.625000000000000056e-01 4.590678339203316249e-01 5.987642840576171827e-02 1.000000000000000000e+01 1.625000000000000888e+00 1.000000000000001110e+00 9.999999999999990008e-01
1.650000000000000078e-01 4.708990653092412493e-01 6.091402502441405076e-02 1.000000000000000000e+01 1.650000000000001688e+00 1.000000000000003775e+00 1.000000000000002220e+00
1.675000000000000100e-01 4.828504127754353892e-01 6.195162164306639713e-02 1.000000000000000000e+01 1.674999999999998934e+00 9.999999999999974465e-01 9.999999999999985567e-01
1.700000000000000122e-01 4.949212756983799588e-01 6.298921826171874350e-02 1.000000000000000000e+01 1.700000000000000400e+00 1.000000000000002887e+00 1.000000000000000666e+00
1.725000000000000144e-01 5.071110652937851349e-01 6.399629733276367138e-02 1.000000000000000000e+01 1.725000000000000755e+00 1.000000000000003775e+00 1.000000000000002442e+00
1.750000000000000167e-01 5.194192042113349173e-01 6.503389395141601081e-02 1.000000000000000000e+01 1.749999999999998668e+00 1.000000000000000888e+00 1.000000000000000444e+00
1.774999999999999911e-01 5.318451261516716766e-01 6.607149057006836412e-02 1.000000000000000000e+01 1.774999999999999689e+00 1.000000000000000444e+00 1.000000000000000000e+00
1.799999999999999933e-01 5.443882755014514130e-01 6.707856964111325038e-02 1.000000000000000000e+01 1.800000000000000933e+00 1.000000000000002220e+00 1.000000000000001776e+00
1.824999999999999956e-01 5.570481069853772116e-01 6.811616625976560369e-02 1.000000000000000000e+01 1.825000000000001510e+00 1.000000000000005107e+00 1.000000000000003109e+00
1.849999999999999978e-01 5.698240853341963730e-01 6.915376287841795699e-02 1.000000000000000000e+01 1.849999999999999201e+00 9.999999999999981126e-01 9.999999999999984457e-01
1.875000000000000000e-01 5.827156849677183059e-01 7.019135949707029642e-02 1.000000000000000000e+01 1.875000000000000222e+00 9.999999999999994449e-01 9.999999999999997780e-01
1.900000000000000022e-01 5.957223896919966455e-01 7.125947366333006128e-02 1.000000000000000000e+01 1.900000000000000133e+00 1.000000000000000444e+00 1.000000000000000444e+00
1.925000000000000044e-01 6.088436924098448166e-01 7.229707028198241459e-02 1.000000000000000000e+01 1.924999999999998046e+00 9.999999999999990008e-01 9.999999999999996669e-01
1.950000000000000067e-01 6.220790948439418599e-01 7.333466690063475402e-02 1.000000000000000000e+01 1.949999999999999289e+00 1.000000000000000000e+00 1.000000000000001110e+00
1.975000000000000089e-01 6.354281072718270806e-01 7.440278106689451887e-02 1.000000000000000000e+01 1.975000000000000977e+00 9.999999999999998890e-01 9.999999999999990008e-01
2.000000000000000111e-01 6.488902482721198295e-01 7.544037768554687218e-02 1.000000000000000000e+01 2.000000000000000888e+00 9.999999999999993339e-01 9.999999999999992228e-01
2.025000000000000133e-01 6.624650444813664496e-01 7.647797430419922549e-02 1.000000000000000000e+01 2.024999999999999023e+00 9.999999999999972244e-01 9.999999999999983347e-01
2.050000000000000155e-01 6.761520303609317439e-01 7.751557092285156492e-02 1.000000000000000000e+01 2.050000000000000266e+00 9.999999999999983347e-01 9.999999999999980016e-01
2.075000000000000178e-01 6.899507479734062754e-01 7.858368508911130201e-02 1.000000000000000000e+01 2.075000000000001066e+00 1.000000000000000444e+00 9.999999999999998890e-01
2.099999999999999922e-01 7.038607467680333407e-01 7.965179925537108074e-02 1.000000000000000000e+01 2.099999999999997868e+00 9.999999999999992228e-01 1.000000000000000444e+00
2.124999999999999944e-01 7.178815833746848840e-01 8.068939587402342017e-02 1.000000000000000000e+01 2.124999999999998668e+00 1.000000000000001332e+00 1.000000000000000666e+00
2.149999999999999967e-01 7.320128214059483662e-01 8.172699249267575961e-02 1.000000000000000000e+01 2.150000000000000799e+00 1.000000000000000000e+00 1.000000000000000888e+00
2.174999999999999989e-01 7.462540312669153630e-01 8.282562420654296376e-02 1.000000000000000000e+01 2.175000000000000711e+00 1.000000000000002442e+00 1.000000000000001998e+00
2.200000000000000011e-01 7.606047899722923056e-01 8.386322082519530319e-02 1.000000000000000000e+01 2.199999999999999289e+00 1.000000000000001776e+00 1.000000000000000444e+00
2.225000000000000033e-01 7.750646809704586637e-01 8.490081744384764262e-02 1.000000000000000000e+01 2.225000000000000533e+00 1.000000000000000222e+00 9.999999999999986677e-01
2.250000000000000056e-01 7.896332939741427248e-01 8.599944915771484677e-02 1.000000000000000000e+01 2.250000000000000444e+00 9.999999999999994449e-01 9.999999999999996669e-01
2.275000000000000078e-01 8.043102247973968888e-01 8.703704577636718620e-02 1.000000000000000000e+01 2.275000000000000799e+00 9.999999999999986677e-01 9.999999999999994449e-01
2.300000000000000100e-01 8.190950751985610623e-01 8.810515994262695105e-02 1.000000000000000000e+01 2.299999999999998490e+00 1.000000000000000666e+00 1.000000000000000222e+00
2.325000000000000122e-01 8.339874527289442563e-01 8.917327410888672978e-02 1.000000000000000000e+01 2.325000000000000178e+00 1.000000000000000666e+00 1.000000000000000666e+00
2.350000000000000144e-01 8.489869705869400596e-01 9.021087072753904146e-02 1.000000000000000000e+01 2.350000000000001865e+00 9.999999999999997780e-01 1.000000000000000444e+00
2.375000000000000167e-01 8.640932474773407312e-01 9.130950244140623173e-02 1.000000000000000000e+01 2.374999999999999556e+00 1.000000000000002665e+00 1.000000000000001776e+00
2.399999999999999911e-01 8.793059074756116589e-01 9.234709906005858504e-02 1.000000000000000000e+01 2.400000000000000799e+00 1.000000000000003109e+00 1.000000000000001776e+00
2.424999999999999933e-01 8.946245798968808227e-01 9.344573077392576144e-02 1.000000000000000000e+01 2.424999999999999378e+00 1.000000000000000222e+00 9.999999999999996669e-01
2.449999999999999956e-01 9.100488991694540841e-01 9.448332739257811475e-02 1.000000000000000000e+01 2.450000000000000622e+00 1.000000000000003109e+00 1.000000000000000444e+00
2.474999999999999978e-01 9.255785047126562359e-01 9.558195910644530502e-02 1.000000000000000000e+01 2.474999999999998757e+00 9.999999999999980016e-01 9.999999999999982236e-01
2.500000000000000000e-01 9.412130408187789898e-01 9.668059082031249529e-02 1.000000000000000000e+01 2.500000000000000000e+00 9.999999999999992228e-01 9.999999999999994449e-01
2.525000000000000022e-01 9.569521565390000095e-01 9.771818743896482085e-02 1.000000000000000000e+01 2.525000000000001243e+00 1.000000000000001110e+00 1.000000000000000888e+00
2.550000000000000044e-01 9.727955055730640455e-01 9.881681915283199724e-02 1.000000000000000000e+01 2.549999999999999378e+00 9.999999999999991118e-01 9.999999999999991118e-01
2.575000000000000067e-01 9.887427461625867275e-01 9.985441577148435055e-02 1.000000000000000000e+01 2.575000000000001066e+00 1.000000000000002665e+00 1.000000000000001332e+00
2.600000000000000089e-01 1.004793540987826139e+00 1.009530474853515408e-01 1.000000000000000000e+01 2.599999999999998312e+00 1.000000000000000444e+00 1.000000000000001110e+00
2.625000000000000111e-01 1.020947557067767963e+00 1.020516791992187311e-01 1.000000000000000000e+01 2.625000000000000000e+00 1.000000000000000222e+00 9.999999999999991118e-01
2.650000000000000133e-01 1.037204465663392972e+00 1.031503109130859214e-01 1.000000000000000000e+01 2.649999999999998135e+00 1.000000000000002442e+00 1.000000000000002220e+00
2.675000000000000155e-01 1.053563942184009949e+00 1.041879075317382608e-01 1.000000000000000000e+01 2.674999999999999822e+00 1.000000000000000888e+00 9.999999999999992228e-01
2.700000000000000178e-01 1.070025666096488637e+00 1.052865392456054650e-01 1.000000000000000000e+01 2.700000000000001510e+00 1.000000000000001110e+00 1.000000000000001110e+00
2.725000000000000200e-01 1.086589320837333617e+00 1.063851709594726413e-01 1.000000000000000000e+01 2.725000000000002309e+00 1.000000000000001332e+00 1.000000000000000888e+00
2.750000000000000222e-01 1.103254593727433841e+00 1.074227675781249947e-01 1.000000000000000000e+01 2.750000000000001332e+00 1.000000000000001110e+00 1.000000000000000666e+00
2.775000000000000244e-01 1.120021175889412746e+00 1.085213992919921849e-01 1.000000000000000000e+01 2.774999999999998135e+00 9.999999999999998890e-01 9.999999999999988898e-01
2.800000000000000266e-01 1.136888762167467926e+00 1.096200310058593475e-01 1.000000000000000000e+01 2.799999999999998934e+00 1.000000000000000888e+00 1.000000000000000888e+00
2.825000000000000289e-01 1.153857051049599569e+00 1.107186627197265377e-01 1.000000000000000000e+01 2.824999999999998401e+00 1.000000000000000444e+00 9.999999999999994449e-01
2.850000000000000311e-01 1.170925744592144824e+00 1.118172944335937280e-01 1.000000000000000000e+01 2.849999999999999645e+00 9.999999999999985567e-01 9.999999999999986677e-01
2.875000000000000333e-01 1.188094548346519064e+00 1.129159261474609183e-01 1.000000000000000000e+01 2.875000000000000888e+00 1.000000000000002665e+00 1.000000000000000666e+00
2.899999999999999800e-01 1.205363171288099222e+00 1.140145578613281085e-01 1.000000000000000000e+01 2.900000000000001688e+00 1.000000000000000888e+00 1.000000000000001554e+00
2.924999999999999822e-01 1.222731325747140607e+00 1.151131895751952988e-01 1.000000000000000000e+01 2.925000000000001155e+00 1.000000000000002220e+00 1.000000000000001332e+00
2.949999999999999845e-01 1.240198727341679019e+00 1.161507861938476383e-01 1.000000000000000000e+01 2.949999999999997513e+00 1.000000000000000222e+00 9.999999999999991118e-01
2.974999999999999867e-01 1.257765094912330239e+00 1.172494179077148424e-01 1.000000000000000000e+01 2.974999999999998757e+00 1.000000000000001332e+00 1.000000000000001110e+00
2.999999999999999889e-01 1.275430150458923162e+00 1.183480496215820188e-01 1.000000000000000000e+01 2.999999999999998224e+00 9.999999999999977796e-01 9.999999999999988898e-01
3.024999999999999911e-01 1.293193619078891521e+00 1.194466813354492229e-01 1.000000000000000000e+01 3.024999999999999467e+00 9.999999999999978906e-01 9.999999999999975575e-01
3.049999999999999933e-01 1.311055228907373804e+00 1.205453130493163993e-01 1.000000000000000000e+01 3.050000000000000711e+00 1.000000000000002887e+00 1.000000000000001776e+00
3.074999999999999956e-01 1.329014711058963183e+00 1.216439447631835757e-01 1.000000000000000000e+01 3.075000000000001954e+00 9.999999999999990008e-01 9.999999999999991118e-01
3.099999999999999978e-01 1.347071799571008421e+00 1.227425764770507521e-01 1.000000000000000000e+01 3.100000000000000977e+00 1.000000000000003775e+00 1.000000000000001998e+00
3.125000000000000000e-01 1.365226231348491082e+00 1.238412081909179563e-01 1.000000000000000000e+01 3.124999999999998224e+00 9.999999999999997780e-01 1.000000000000000222e+00
3.150000000000000022e-01 1.383477746110327811e+00 1.249398399047851327e-01 1.000000000000000000e+01 3.149999999999998579e+00 1.000000000000001110e+00 1.000000000000000888e+00
3.175000000000000044e-01 1.401826086337134569e+00 1.260995067138671599e-01 1.000000000000000000e+01 3.174999999999998046e+00 1.000000000000001110e+00 1.000000000000000444e+00
3.200000000000000067e-01 1.420270997220343334e+00 1.271981384277343363e-01 1.000000000000000000e+01 3.199999999999999289e+00 1.000000000000001554e+00 1.000000000000000888e+00
3.225000000000000089e-01 1.438812226612660616e+00 1.282967701416015127e-01 1.000000000000000000e+01 3.225000000000000977e+00 9.999999999999995559e-01 1.000000000000000222e+00
3.250000000000000111e-01 1.457449524979793187e+00 1.293954018554687169e-01 1.000000000000000000e+01 3.250000000000001776e+00 1.000000000000003331e+00 1.000000000000001776e+00
3.275000000000000133e-01 1.476182645353441902e+00 1.304940335693359210e-01 1.000000000000000000e+01 3.275000000000001688e+00 1.000000000000001110e+00 1.000000000000001998e+00
3.300000000000000155e-01 1.495011343285462591e+00 1.315926652832030974e-01 1.000000000000000000e+01 3.300000000000003375e+00 1.000000000000004219e+00 1.000000000000001554e+00
3.325000000000000178e-01 1.513935376803213995e+00 1.326912969970702738e-01 1.000000000000000000e+01 3.324999999999997957e+00 1.000000000000001554e+00 1.000000000000000888e+00
3.350000000000000200e-01 1.532954506366009273e+00 1.337899287109374780e-01 1.000000000000000000e+01 3.349999999999997868e+00 1.000000000000000444e+00 1.000000000000000222e+00
3.375000000000000222e-01 1.552068494822668177e+00 1.348885604248046821e-01 1.000000000000000000e+01 3.374999999999999112e+00 1.000000000000000000e+00 9.999999999999990008e-01
3.400000000000000244e-01 1.571277107370102399e+00 1.359871921386718585e-01 1.000000000000000000e+01 3.400000000000000799e+00 1.000000000000004441e+00 1.000000000000001776e+00
3.425000000000000266e-01 1.590580111512949202e+00 1.371468589477538857e-01 1.000000000000000000e+01 3.425000000000002487e+00 1.000000000000000222e+00 9.999999999999996669e-01
3.450000000000000289e-01 1.609977277024138065e+00 1.382454906616210899e-01 1.000000000000000000e+01 3.450000000000001510e+00 1.000000000000003331e+00 1.000000000000001332e+00
3.475000000000000311e-01 1.629468375906480304e+00 1.394051574707031171e-01 1.000000000000000000e+01 3.475000000000002753e+00 1.000000000000002887e+00 1.000000000000001554e+00
3.500000000000000333e-01 1.649053182355117553e+00 1.405037891845702935e-01 1.000000000000000000e+01 3.499999999999997335e+00 9.999999999999983347e-01 9.999999999999981126e-01
3.524999999999999800e-01 1.668731472720903275e+00 1.416024208984374977e-01 1.000000000000000000e+01 3.524999999999997247e+00 9.999999999999972244e-01 9.999999999999988898e-01
3.549999999999999822e-01 1.688503025474647812e+00 1.427010526123047018e-01 1.000000000000000000e+01 3.549999999999999378e+00 9.999999999999984457e-01 9.999999999999992228e-01
3.574999999999999845e-01 1.708367621172193207e+00 1.437996843261718782e-01 1.000000000000000000e+01 3.575000000000000622e+00 1.000000000000000222e+00 9.999999999999985567e-01
3.599999999999999867e-01 1.728325042420316926e+00 1.448983160400390546e-01 1.000000000000000000e+01 3.600000000000001865e+00 1.000000000000000666e+00 1.000000000000000222e+00
3.624999999999999889e-01 1.748375073843416949e+00 1.460579828491211096e-01 1.000000000000000000e+01 3.625000000000000888e+00 9.999999999999993339e-01 9.999999999999995559e-01
3.649999999999999911e-01 1.768517502050965140e+00 1.472176496582031369e-01 1.000000000000000000e+01 3.650000000000003020e+00 1.000000000000002887e+00 1.000000000000001998e+00
3.674999999999999933e-01 1.788752115605720228e+00 1.483162813720703133e-01 1.000000000000000000e+01 3.674999999999997158e+00 1.000000000000001554e+00 9.999999999999995559e-01
3.699999999999999956e-01 1.809078704992640008e+00 1.494149130859374619e-01 1.000000000000000000e+01 3.699999999999998401e+00 9.999999999999996669e-01 1.000000000000000000e+00
3.724999999999999978e-01 1.829497062588510747e+00 1.505135447998046661e-01 1.000000000000000000e+01 3.724999999999998312e+00 9.999999999999977796e-01 9.999999999999983347e-01
3.750000000000000000e-01 1.850006982632250496e+00 1.516732116088866933e-01 1.000000000000000000e+01 3.750000000000000444e+00 1.000000000000001776e+00 1.000000000000000444e+00
3.775000000000000022e-01 1.870608261195890298e+00 1.528328784179687205e-01 1.000000000000000000e+01 3.775000000000001688e+00 1.000000000000002887e+00 1.000000000000001110e+00
3.800000000000000044e-01 1.891300696156168692e+00 1.539315101318359247e-01 1.000000000000000000e+01 3.800000000000000266e+00 1.000000000000002887e+00 1.000000000000002220e+00
3.825000000000000067e-01 1.912084087166775914e+00 1.550301418457031011e-01 1.000000000000000000e+01 3.825000000000002842e+00 1.000000000000000666e+00 9.999999999999992228e-01
3.850000000000000089e-01 1.932958235631181854e+00 1.561287735595702775e-01 1.000000000000000000e+01 3.849999999999996092e+00 9.999999999999976685e-01 9.999999999999988898e-01
3.875000000000000111e-01 1.953922944676085516e+00 1.572884403686523325e-01 1.000000000000000000e+01 3.874999999999997780e+00 9.999999999999977796e-01 9.999999999999986677e-01
3.900000000000000133e-01 1.974978019125399831e+00 1.584481071777343597e-01 1.000000000000000000e+01 3.899999999999998579e+00 9.999999999999962252e-01 9.999999999999984457e-01
3.925000000000000155e-01 1.996123265474819108e+00 1.595467388916015361e-01 1.000000000000000000e+01 3.925000000000000711e+00 9.999999999999982236e-01 9.999999999999996669e-01
3.950000000000000178e-01 2.017358491866918513e+00 1.606453706054687403e-01 1.000000000000000000e+01 3.950000000000001954e+00 1.000000000000002887e+00 1.000000000000000888e+00
3.975000000000000200e-01 2.038683508066781336e+00 1.618050374145507675e-01 1.000000000000000000e+01 3.975000000000003197e+00 1.000000000000004663e+00 1.000000000000002665e+00
4.000000000000000222e-01 2.060098125438137195e+00 1.629647042236327947e-01 1.000000000000000000e+01 4.000000000000001776e+00 1.000000000000000888e+00 1.000000000000000444e+00
4.025000000000000244e-01 2.081602156919990509e+00 1.640633359374999989e-01 1.000000000000000000e+01 4.024999999999996803e+00 9.999999999999995559e-01 1.000000000000000222e+00
4.050000000000000266e-01 2.103195417003762113e+00 1.651619676513672030e-01 1.000000000000000000e+01 4.049999999999998046e+00 9.999999999999976685e-01 9.999999999999978906e-01
4.075000000000000289e-01 2.124877721710860978e+00 1.663826695556640534e-01 1.000000000000000000e+01 4.074999999999998401e+00 9.999999999999994449e-01 9.999999999999995559e-01
4.100000000000000311e-01 2.146648888570754643e+00 1.674813012695312575e-01 1.000000000000000000e+01 4.100000000000000533e+00 9.999999999999975575e-01 9.999999999999992228e-01
4.125000000000000333e-01 2.168508736599451314e+00 1.685799329833984617e-01 1.000000000000000000e+01 4.125000000000001776e+00 1.000000000000002442e+00 1.000000000000001332e+00
4.150000000000000355e-01 2.190457086278460697e+00 1.698006348876953120e-01 1.000000000000000000e+01 4.150000000000002132e+00 1.000000000000002887e+00 1.000000000000001998e+00
4.174999999999999822e-01 2.212493759534121640e+00 1.708992666015625161e-01 1.000000000000000000e+01 4.175000000000000711e+00 1.000000000000001776e+00 1.000000000000001332e+00
4.199999999999999845e-01 2.234618579717396081e+00 1.719978983154296648e-01 1.000000000000000000e+01 4.199999999999995737e+00 1.000000000000000222e+00 1.000000000000000444e+00
4.224999999999999867e-01 2.256831371584036461e+00 1.731575651245116920e-01 1.000000000000000000e+01 4.224999999999997868e+00 9.999999999999996669e-01 9.999999999999987788e-01
4.249999999999999889e-01 2.279131961275142171e+00 1.743172319335937193e-01 1.000000000000000000e+01 4.249999999999997335e+00 1.000000000000002442e+00 1.000000000000001332e+00
4.274999999999999911e-01 2.301520176298129883e+00 1.754158636474609234e-01 1.000000000000000000e+01 4.275000000000000355e+00 9.999999999999992228e-01 1.000000000000000000e+00
4.299999999999999933e-01 2.323995845508023184e+00 1.765755304565429507e-01 1.000000000000000000e+01 4.300000000000001599e+00 1.000000000000001554e+00 1.000000000000000888e+00
4.324999999999999956e-01 2.346558799089162317e+00 1.777351972656249779e-01 1.000000000000000000e+01 4.325000000000002842e+00 1.000000000000003997e+00 1.000000000000001776e+00
4.349999999999999978e-01 2.369208868537223456e+00 1.788338289794921820e-01 1.000000000000000000e+01 4.350000000000001421e+00 1.000000000000000888e+00 1.000000000000000666e+00
4.375000000000000000e-01 2.391945886641602570e+00 1.800545308837890324e-01 1.000000000000000000e+01 4.375000000000003553e+00 1.000000000000002887e+00 1.000000000000001332e+00
4.400000000000000022e-01 2.414769687468139026e+00 1.811531625976562365e-01 1.000000000000000000e+01 4.399999999999998579e+00 9.999999999999984457e-01 9.999999999999980016e-01
4.425000000000000044e-01 2.437680106342148267e+00 1.822517943115234407e-01 1.000000000000000000e+01 4.424999999999998934e+00 1.000000000000001998e+00 1.000000000000001776e+00
4.450000000000000067e-01 2.460676979831806221e+00 1.834724962158202910e-01 1.000000000000000000e+01 4.450000000000001066e+00 9.999999999999998890e-01 1.000000000000000222e+00
4.475000000000000089e-01 2.483760145731800595e+00 1.845711279296874952e-01 1.000000000000000000e+01 4.474999999999998757e+00 9.999999999999998890e-01 9.999999999999994449e-01
4.500000000000000111e-01 2.506929443047333450e+00 1.856697596435546993e-01 1.000000000000000000e+01 4.500000000000000888e+00 1.000000000000004219e+00 1.000000000000002665e+00
4.525000000000000133e-01 2.530184711978399115e+00 1.868904615478515496e-01 1.000000000000000000e+01 4.525000000000001243e+00 1.000000000000001110e+00 1.000000000000000000e+00
4.550000000000000155e-01 2.553525793904332986e+00 1.879890932617187538e-01 1.000000000000000000e+01 4.550000000000001599e+00 9.999999999999995559e-01 1.000000000000000444e+00
4.575000000000000178e-01 2.576952531368681854e+00 1.892097951660156319e-01 1.000000000000000000e+01 4.574999999999996625e+00 1.000000000000000444e+00 1.000000000000000444e+00
4.600000000000000200e-01 2.600464768064334020e+00 1.903084268798828083e-01 1.000000000000000000e+01 4.599999999999996980e+00 1.000000000000001332e+00 1.000000000000001998e+00
4.625000000000000222e-01 2.624062348818909207e+00 1.914070585937500124e-01 1.000000000000000000e+01 4.624999999999999112e+00 9.999999999999990008e-01 9.999999999999987788e-01
4.650000000000000244e-01 2.647745119580411810e+00 1.926277604980468905e-01 1.000000000000000000e+01 4.650000000000000355e+00 9.999999999999992228e-01 9.999999999999998890e-01
4.675000000000000266e-01 2.671512927403170590e+00 1.937263922119140669e-01 1.000000000000000000e+01 4.675000000000002487e+00 1.000000000000005107e+00 1.000000000000001998e+00
4.700000000000000289e-01 2.695365620434004850e+00 1.949470941162109450e-01 1.000000000000000000e+01 4.700000000000003730e+00 1.000000000000001998e+00 1.000000000000000444e+00
4.725000000000000311e-01 2.719303047898625536e+00 1.960457258300780936e-01 1.000000000000000000e+01 4.725000000000004086e+00 9.999999999999988898e-01 9.999999999999988898e-01
4.750000000000000333e-01 2.743325060088299239e+00 1.972664277343749717e-01 1.000000000000000000e+01 4.749999999999999112e+00 1.000000000000000222e+00 9.999999999999992228e-01
4.775000000000000355e-01 2.767431508346752445e+00 1.983650594482421758e-01 1.000000000000000000e+01 4.775000000000001243e+00 1.000000000000002665e+00 1.000000000000000222e+00
4.799999999999999822e-01 2.791622245057278739e+00 1.995857613525390262e-01 1.000000000000000000e+01 4.800000000000001599e+00 1.000000000000001110e+00 1.000000000000000222e+00
4.824999999999999845e-01 2.815897123630077381e+00 2.006843930664062303e-01 1.000000000000000000e+01 4.824999999999996625e+00 1.000000000000000666e+00 1.000000000000001110e+00
4.849999999999999867e-01 2.840255998489835676e+00 2.019050949707031084e-01 1.000000000000000000e+01 4.849999999999998757e+00 9.999999999999988898e-01 9.999999999999991118e-01
4.874999999999999889e-01 2.864698725063477003e+00 2.030037266845702848e-01 1.000000000000000000e+01 4.874999999999999112e+00 1.000000000000002887e+00 1.000000000000001776e+00
4.899999999999999911e-01 2.889225159768186391e+00 2.041023583984374890e-01 1.000000000000000000e+01 4.900000000000001243e+00 1.000000000000003331e+00 1.000000000000001332e+00
4.924999999999999933e-01 2.913835159999565327e+00 2.053230603027343670e-01 1.000000000000000000e+01 4.924999999999995381e+00 1.000000000000001554e+00 1.000000000000001776e+00
4.949999999999999956e-01 2.938528584120044140e+00 2.064216920166015434e-01 1.000000000000000000e+01 4.949999999999997513e+00 1.000000000000000888e+00 1.000000000000001554e+00
4.974999999999999978e-01 2.963305291447461798e+00 2.076423939208984493e-01 1.000000000000000000e+01 4.974999999999997868e+00 9.999999999999968914e-01 9.999999999999992228e-01
5.000000000000000000e-01 2.988165142243836225e+00 2.087410256347656257e-01 1.000000000000000000e+01 5.000000000000000000e+00 9.999999999999982236e-01 9.999999999999997780e-01
5.025000000000000577e-01 3.013107997704350893e+00 2.099617275390625037e-01 1.000000000000000000e+01 5.025000000000002132e+00 1.000000000000002665e+00 1.000000000000001554e+00
5.050000000000000044e-01 3.038133719946489286e+00 2.111824294433593818e-01 1.000000000000000000e+01 5.050000000000002487e+00 1.000000000000003109e+00 1.000000000000001998e+00
5.075000000000000622e-01 3.063242171999371877e+00 2.122810611572265582e-01 1.000000000000000000e+01 5.075000000000005507e+00 1.000000000000001110e+00 9.999999999999997780e-01
5.100000000000000089e-01 3.088433217793236540e+00 2.133796928710937624e-01 1.000000000000000000e+01 5.099999999999998757e+00 9.999999999999993339e-01 1.000000000000000222e+00
5.124999999999999556e-01 3.113706722149153450e+00 2.146003947753906405e-01 1.000000000000000000e+01 5.125000000000001776e+00 9.999999999999985567e-01 9.999999999999997780e-01
5.150000000000000133e-01 3.139062550768835447e+00 2.158210966796875185e-01 1.000000000000000000e+01 5.150000000000002132e+00 1.000000000000000222e+00 1.000000000000000222e+00
5.174999999999999600e-01 3.164500570224662912e+00 2.169197283935547227e-01 1.000000000000000000e+01 5.174999999999995381e+00 9.999999999999994449e-01 1.000000000000000444e+00
5.200000000000000178e-01 3.190020647949857846e+00 2.181404302978515730e-01 1.000000000000000000e+01 5.199999999999996625e+00 9.999999999999978906e-01 9.999999999999991118e-01
5.224999999999999645e-01 3.215622652228785849e+00 2.192390620117187217e-01 1.000000000000000000e+01 5.224999999999996980e+00 9.999999999999997780e-01 9.999999999999988898e-01
5.250000000000000222e-01 3.241306452187474374e+00 2.204597639160155997e-01 1.000000000000000000e+01 5.250000000000000000e+00 1.000000000000002220e+00 1.000000000000001776e+00
5.274999999999999689e-01 3.267071917784220236e+00 2.215583956298827761e-01 1.000000000000000000e+01 5.274999999999995914e+00 9.999999999999970024e-01 9.999999999999987788e-01
5.300000000000000266e-01 3.292918919800368993e+00 2.227790975341796820e-01 1.000000000000000000e+01 5.299999999999996270e+00 1.000000000000002220e+00 1.000000000000000666e+00
5.324999999999999734e-01 3.318847329831271509e+00 2.238777292480468584e-01 1.000000000000000000e+01 5.324999999999997513e+00 1.000000000000001554e+00 1.000000000000001998e+00
5.350000000000000311e-01 3.344857020277323123e+00 2.250984311523437364e-01 1.000000000000000000e+01 5.349999999999999645e+00 9.999999999999992228e-01 9.999999999999992228e-01
5.374999999999999778e-01 3.370947864335168465e+00 2.263191330566406145e-01 1.000000000000000000e+01 5.375000000000000888e+00 9.999999999999992228e-01 9.999999999999985567e-01
5.400000000000000355e-01 3.397119735989076794e+00 2.274177647705077909e-01 1.000000000000000000e+01 5.400000000000003020e+00 1.000000000000002665e+00 1.000000000000001110e+00
5.424999999999999822e-01 3.423372510002403502e+00 2.286384666748046968e-01 1.000000000000000000e+01 5.425000000000004263e+00 1.000000000000001332e+00 1.000000000000001332e+00
5.450000000000000400e-01 3.449706061909189714e+00 2.297370983886718732e-01 1.000000000000000000e+01 5.450000000000004619e+00 1.000000000000001332e+00 1.000000000000001332e+00
5.474999999999999867e-01 3.476120268005914671e+00 2.309578002929687512e-01 1.000000000000000000e+01 5.475000000000000533e+00 9.999999999999984457e-01 9.999999999999986677e-01
5.500000000000000444e-01 3.502615005343349797e+00 2.321785021972656293e-01 1.000000000000000000e+01 5.500000000000002665e+00 1.000000000000004219e+00 1.000000000000002220e+00
5.524999999999999911e-01 3.529190151718571311e+00 2.332771339111328057e-01 1.000000000000000000e+01 5.525000000000004796e+00 1.000000000000003553e+00 1.000000000000000666e+00
5.550000000000000488e-01 3.555845585667024356e+00 2.344978358154297116e-01 1.000000000000000000e+01 5.549999999999996270e+00 1.000000000000002220e+00 1.000000000000000888e+00
5.574999999999999956e-01 3.582581186454794953e+00 2.355964675292968880e-01 1.000000000000000000e+01 5.574999999999998401e+00 1.000000000000002665e+00 1.000000000000002220e+00
5.600000000000000533e-01 3.609396834070924598e+00 2.368171694335937660e-01 1.000000000000000000e+01 5.599999999999997868e+00 1.000000000000001332e+00 1.000000000000001332e+00
5.625000000000000000e-01 3.636292409219881616e+00 2.380378713378906441e-01 1.000000000000000000e+01 5.624999999999995559e+00 9.999999999999967804e-01 9.999999999999983347e-01
5.650000000000000577e-01 3.663267793314118226e+00 2.391365030517578205e-01 1.000000000000000000e+01 5.649999999999996803e+00 1.000000000000000000e+00 9.999999999999998890e-01
5.675000000000000044e-01 3.690322868466773709e+00 2.403572049560547264e-01 1.000000000000000000e+01 5.674999999999997158e+00 9.999999999999986677e-01 1.000000000000000000e+00
5.700000000000000622e-01 3.717457517484436202e+00 2.414558366699219027e-01 1.000000000000000000e+01 5.699999999999999289e+00 9.999999999999985567e-01 9.999999999999992228e-01
5.725000000000000089e-01 3.744671623860045706e+00 2.426765385742187253e-01 1.000000000000000000e+01 5.725000000000001421e+00 1.000000000000000666e+00 1.000000000000000000e+00
5.750000000000000666e-01 3.771965071765897459e+00 2.438972404785156034e-01 1.000000000000000000e+01 5.750000000000001776e+00 1.000000000000000444e+00 9.999999999999993339e-01
5.775000000000000133e-01 3.799337746046721254e+00 2.451179423828124815e-01 1.000000000000000000e+01 5.775000000000002132e+00 1.000000000000001554e+00 1.000000000000002220e+00
5.799999999999999600e-01 3.826789532212905964e+00 2.462165740966796856e-01 1.000000000000000000e+01 5.800000000000003375e+00 1.000000000000002220e+00 1.000000000000002665e+00
5.825000000000000178e-01 3.854320316433772042e+00 2.474372760009765360e-01 1.000000000000000000e+01 5.825000000000001954e+00 1.000000000000001554e+00 1.000000000000001998e+00
5.849999999999999645e-01 3.881929985530961691e+00 2.485359077148437401e-01 1.000000000000000000e+01 5.850000000000002309e+00 1.000000000000003997e+00 1.000000000000002442e+00
5.875000000000000222e-01 3.909618426971956939e+00 2.497566096191406182e-01 1.000000000000000000e+01 5.875000000000004441e+00 1.000000000000000666e+00 1.000000000000001110e+00
5.899999999999999689e-01 3.937385528863603490e+00 2.509773115234374963e-01 1.000000000000000000e+01 5.899999999999995026e+00 1.000000000000002220e+00 1.000000000000000888e+00
5.925000000000000266e-01 3.965231179945845952e+00 2.521980134277344021e-01 1.000000000000000000e+01 5.924999999999996270e+00 1.000000000000001998e+00 1.000000000000002442e+00
5.949999999999999734e-01 3.993155269585432876e+00 2.532966451416015508e-01 1.000000000000000000e+01 5.949999999999997513e+00 9.999999999999997780e-01 9.999999999999992228e-01
5.975000000000000311e-01 4.021157687769781219e+00 2.545173470458984566e-01 1.000000000000000000e+01 5.974999999999998757e+00 9.999999999999974465e-01 9.999999999999994449e-01
5.999999999999999778e-01 4.049238325100905200e+00 2.556159787597656052e-01 1.000000000000000000e+01 5.999999999999996447e+00 9.999999999999995559e-01 9.999999999999997780e-01
6.025000000000000355e-01 4.077397072789459287e+00 2.568366806640625111e-01 1.000000000000000000e+01 6.024999999999997691e+00 9.999999999999997780e-01 9.999999999999993339e-01
6.049999999999999822e-01 4.105633822648788289e+00 2.580573825683594169e-01 1.000000000000000000e+01 6.049999999999998934e+00 9.999999999999993339e-01 9.999999999999991118e-01
6.075000000000000400e-01 4.133948467089148870e+00 2.592780844726562672e-01 1.000000000000000000e+01 6.075000000000000178e+00 9.999999999999995559e-01 1.000000000000000000e+00
6.099999999999999867e-01 4.162340899111952375e+00 2.604987863769531176e-01 1.000000000000000000e+01 6.100000000000001421e+00 9.999999999999993339e-01 9.999999999999995559e-01
6.125000000000000444e-01 4.190811012304101801e+00 2.615974180908203217e-01 1.000000000000000000e+01 6.125000000000001776e+00 1.000000000000000444e+00 9.999999999999990008e-01
6.149999999999999911e-01 4.219358700832420261e+00 2.628181199951172275e-01 1.000000000000000000e+01 6.150000000000003908e+00 1.000000000000000222e+00 9.999999999999997780e-01
6.175000000000000488e-01 4.247983859438134502e+00 2.639167517089844317e-01 1.000000000000000000e+01 6.175000000000001599e+00 9.999999999999996669e-01 9.999999999999983347e-01
6.199999999999999956e-01 4.276686383431429483e+00 2.651374536132812265e-01 1.000000000000000000e+01 6.200000000000001954e+00 1.000000000000003109e+00 1.000000000000001554e+00
6.225000000000000533e-01 4.305466168686130857e+00 2.663581555175780768e-01 1.000000000000000000e+01 6.225000000000004974e+00 1.000000000000001554e+00 9.999999999999997780e-01
6.250000000000000000e-01 4.334323111634352799e+00 2.675788574218749272e-01 1.000000000000000000e+01 6.249999999999996447e+00 9.999999999999983347e-01 9.999999999999996669e-01
6.275000000000000577e-01 4.363257109261332367e+00 2.687995593261718330e-01 1.000000000000000000e+01 6.274999999999995914e+00 9.999999999999985567e-01 9.999999999999997780e-01
6.300000000000000044e-01 4.392268059100256750e+00 2.698981910400389816e-01 1.000000000000000000e+01 6.299999999999997158e+00 1.000000000000000222e+00 1.000000000000001110e+00
6.325000000000000622e-01 4.421355859227194429e+00 2.711188929443358875e-01 1.000000000000000000e+01 6.324999999999998401e+00 1.000000000000000444e+00 1.000000000000000222e+00
6.350000000000000089e-01 4.450520408256061877e+00 2.722175246582030361e-01 1.000000000000000000e+01 6.349999999999996092e+00 1.000000000000001998e+00 1.000000000000001554e+00
6.375000000000000666e-01 4.479761605333707486e+00 2.734382265624999420e-01 1.000000000000000000e+01 6.374999999999997335e+00 1.000000000000000000e+00 1.000000000000000222e+00
6.400000000000000133e-01 4.509079350134999054e+00 2.746589284667968478e-01 1.000000000000000000e+01 6.399999999999998579e+00 9.999999999999977796e-01 9.999999999999988898e-01
6.424999999999999600e-01 4.538473542858005416e+00 2.758796303710936981e-01 1.000000000000000000e+01 6.424999999999999822e+00 1.000000000000002887e+00 1.000000000000002442e+00
6.450000000000000178e-01 4.567944084219288214e+00 2.771003322753905485e-01 1.000000000000000000e+01 6.450000000000001954e+00 1.000000000000000222e+00 9.999999999999997780e-01
6.474999999999999645e-01 4.597490875449130598e+00 2.783210341796874543e-01 1.000000000000000000e+01 6.475000000000003197e+00 9.999999999999996669e-01 9.999999999999996669e-01
6.500000000000000222e-01 4.627113818286956004e+00 2.795417360839843601e-01 1.000000000000000000e+01 6.500000000000003553e+00 1.000000000000001110e+00 1.000000000000000000e+00
6.524999999999999689e-01 4.656812814976744264e+00 2.806403677978515088e-01 1.000000000000000000e+01 6.525000000000001243e+00 1.000000000000001332e+00 1.000000000000001110e+00
6.550000000000000266e-01 4.686587768262507225e+00 2.818610697021484146e-01 1.000000000000000000e+01 6.550000000000003375e+00 1.000000000000000222e+00 1.000000000000001332e+00
6.574999999999999734e-01 4.716438581383827433e+00 2.829597014160155632e-01 1.000000000000000000e+01 6.575000000000004619e+00 1.000000000000003331e+00 1.000000000000002442e+00
6.600000000000000311e-01 4.746365158071471413e+00 2.841804033203124691e-01 1.000000000000000000e+01 6.600000000000006750e+00 1.000000000000002665e+00 1.000000000000001332e+00
6.624999999999999778e-01 4.776367402543018947e+00 2.854011052246093749e-01 1.000000000000000000e+01 6.624999999999994671e+00 9.999999999999985567e-01 9.999999999999985567e-01
6.650000000000000355e-01 4.806445219498590937e+00 2.866218071289062252e-01 1.000000000000000000e+01 6.649999999999995914e+00 1.000000000000000222e+00 1.000000000000000222e+00
6.674999999999999822e-01 4.836598514116609238e+00 2.878425090332030756e-01 1.000000000000000000e+01 6.674999999999997158e+00 9.999999999999982236e-01 9.999999999999991118e-01
6.700000000000000400e-01 4.866827192049597350e+00 2.890632109374999814e-01 1.000000000000000000e+01 6.699999999999995737e+00 9.999999999999964473e-01 9.999999999999991118e-01
6.724999999999999867e-01 4.897131159420055724e+00 2.902839128417968872e-01 1.000000000000000000e+01 6.724999999999996092e+00 1.000000000000001110e+00 1.000000000000000888e+00
6.750000000000000444e-01 4.927510322816403665e+00 2.915046147460937376e-01 1.000000000000000000e+01 6.749999999999998224e+00 1.000000000000001776e+00 1.000000000000000222e+00
6.774999999999999911e-01 4.957964589288903490e+00 2.926032464599609417e-01 1.000000000000000000e+01 6.775000000000000355e+00 1.000000000000000666e+00 1.000000000000000444e+00
6.800000000000000488e-01 4.988493866345702799e+00 2.938239483642577921e-01 1.000000000000000000e+01 6.800000000000001599e+00 1.000000000000002665e+00 1.000000000000001998e+00
6.824999999999999956e-01 5.019098061948911393e+00 2.950446502685546979e-01 1.000000000000000000e+01 6.825000000000002842e+00 1.000000000000002442e+00 1.000000000000001776e+00
6.850000000000000533e-01 5.049777084510697733e+00 2.961432819824219020e-01 1.000000000000000000e+01 6.850000000000004974e+00 1.000000000000003109e+00 1.000000000000002220e+00
6.875000000000000000e-01 5.080530842889463550e+00 2.973639838867187524e-01 1.000000000000000000e+01 6.875000000000003553e+00 9.999999999999992228e-01 9.999999999999985567e-01
6.900000000000000577e-01 5.111359246386028232e+00 2.985846857910156027e-01 1.000000000000000000e+01 6.900000000000003020e+00 1.000000000000003109e+00 1.000000000000001776e+00
6.925000000000000044e-01 5.142262204739942888e+00 2.998053876953125085e-01 1.000000000000000000e+01 6.925000000000004263e+00 1.000000000000002887e+00 1.000000000000002887e+00
6.950000000000000622e-01 5.173239628125726242e+00 3.010260895996094144e-01 1.000000000000000000e+01 6.950000000000005507e+00 9.999999999999995559e-01 1.000000000000000222e+00
6.975000000000000089e-01 5.204291427149225768e+00 3.022467915039062647e-01 1.000000000000000000e+01 6.974999999999993427e+00 9.999999999999978906e-01 9.999999999999986677e-01
7.000000000000000666e-01 5.235417512844035670e+00 3.034674934082031150e-01 1.000000000000000000e+01 6.999999999999994671e+00 1.000000000000001776e+00 1.000000000000000222e+00
7.025000000000000133e-01 5.266617796667905083e+00 3.046881953125000209e-01 1.000000000000000000e+01 7.024999999999995914e+00 1.000000000000001332e+00 1.000000000000001110e+00
7.049999999999999600e-01 5.297892190499210230e+00 3.059088972167969267e-01 1.000000000000000000e+01 7.049999999999994493e+00 9.999999999999964473e-01 9.999999999999983347e-01
7.075000000000000178e-01 5.329240606633456778e+00 3.071295991210937770e-01 1.000000000000000000e+01 7.074999999999996625e+00 1.000000000000000222e+00 9.999999999999992228e-01
7.099999999999999645e-01 5.360662957779883442e+00 3.083503010253906274e-01 1.000000000000000000e+01 7.099999999999998757e+00 1.000000000000000666e+00 9.999999999999992228e-01
7.125000000000000222e-01 5.392159157058011409e+00 3.095710029296875332e-01 1.000000000000000000e+01 7.125000000000000000e+00 9.999999999999988898e-01 9.999999999999993339e-01
7.149999999999999689e-01 5.423729117994293247e+00 3.106696346435547373e-01 1.000000000000000000e+01 7.150000000000001243e+00 1.000000000000003775e+00 1.000000000000002442e+00
7.175000000000000266e-01 5.455372754518820422e+00 3.118903365478515877e-01 1.000000000000000000e+01 7.175000000000003375e+00 1.000000000000002220e+00 1.000000000000002220e+00
7.199999999999999734e-01 5.487089980961982860e+00 3.129889682617187363e-01 1.000000000000000000e+01 7.200000000000003730e+00 1.000000000000003553e+00 1.000000000000002442e+00
7.225000000000000311e-01 5.518880712051275061e+00 3.142096701660155311e-01 1.000000000000000000e+01 7.225000000000004974e+00 1.000000000000000222e+00 9.999999999999996669e-01
7.249999999999999778e-01 5.550744862908032040e+00 3.154303720703124370e-01 1.000000000000000000e+01 7.250000000000001776e+00 1.000000000000001998e+00 1.000000000000001332e+00
7.275000000000000355e-01 5.582682349044319814e+00 3.166510739746093428e-01 1.000000000000000000e+01 7.275000000000003908e+00 1.000000000000002442e+00 1.000000000000001998e+00
7.299999999999999822e-01 5.614693086359753948e+00 3.178717758789061931e-01 1.000000000000000000e+01 7.300000000000006040e+00 1.000000000000000222e+00 9.999999999999997780e-01
7.325000000000000400e-01 5.646776991138397150e+00 3.190924777832030435e-01 1.000000000000000000e+01 7.324999999999995737e+00 9.999999999999980016e-01 9.999999999999990008e-01
7.349999999999999867e-01 5.678933980045728802e+00 3.203131796874999493e-01 1.000000000000000000e+01 7.349999999999994316e+00 9.999999999999993339e-01 9.999999999999995559e-01
7.375000000000000444e-01 5.711163970125583411e+00 3.215338815917968551e-01 1.000000000000000000e+01 7.374999999999994671e+00 9.999999999999996669e-01 9.999999999999988898e-01
7.399999999999999911e-01 5.743466878797167219e+00 3.227545834960937055e-01 1.000000000000000000e+01 7.399999999999996803e+00 1.000000000000000666e+00 1.000000000000001332e+00
7.425000000000000488e-01 5.775842623852096125e+00 3.239752854003905558e-01 1.000000000000000000e+01 7.424999999999995381e+00 9.999999999999992228e-01 1.000000000000000666e+00
7.449999999999999956e-01 5.808291123451456706e+00 3.251959873046874616e-01 1.000000000000000000e+01 7.449999999999996625e+00 1.000000000000002220e+00 1.000000000000000222e+00
7.475000000000000533e-01 5.840812296122929403e+00 3.264166892089843675e-01 1.000000000000000000e+01 7.474999999999999645e+00 1.000000000000001554e+00 1.000000000000000666e+00
7.500000000000000000e-01 5.873406060757894842e+00 3.276373911132812178e-01 1.000000000000000000e+01 7.500000000000000888e+00 1.000000000000003331e+00 1.000000000000001998e+00
7.525000000000000577e-01 5.906072336608643170e+00 3.288580930175780681e-01 1.000000000000000000e+01 7.525000000000002132e+00 1.000000000000001110e+00 1.000000000000001776e+00
7.550000000000000044e-01 5.938811043285529223e+00 3.300787949218749739e-01 1.000000000000000000e+01 7.550000000000003375e+00 9.999999999999991118e-01 1.000000000000000000e+00
7.575000000000000622e-01 5.971622100754227169e+00 3.312994968261718798e-01 1.000000000000000000e+01 7.575000000000005507e+00 9.999999999999986677e-01 9.999999999999992228e-01
7.600000000000000089e-01 6.004505429332986033e+00 3.325201987304687301e-01 1.000000000000000000e+01 7.600000000000000533e+00 1.000000000000000000e+00 1.000000000000000888e+00
7.625000000000000666e-01 6.037460949689938516e+00 3.337409006347655804e-01 1.000000000000000000e+01 7.625000000000002665e+00 1.000000000000000444e+00 1.000000000000000888e+00
7.650000000000000133e-01 6.070488582840390279e+00 3.349616025390624863e-01 1.000000000000000000e+01 7.650000000000005684e+00 1.000000000000000222e+00 9.999999999999997780e-01
7.675000000000000711e-01 6.103588250144171390e+00 3.361823044433593921e-01 1.000000000000000000e+01 7.675000000000007816e+00 1.000000000000004441e+00 1.000000000000003109e+00
7.700000000000000178e-01 6.136759873303065937e+00 3.374030063476562424e-01 1.000000000000000000e+01 7.699999999999992184e+00 9.999999999999975575e-01 9.999999999999986677e-01
7.724999999999999645e-01 6.170003374358135062e+00 3.386237082519530928e-01 1.000000000000000000e+01 7.724999999999995204e+00 1.000000000000001554e+00 1.000000000000000888e+00
7.750000000000000222e-01 6.203318675687238937e+00 3.398444101562499986e-01 1.000000000000000000e+01 7.749999999999995559e+00 9.999999999999985567e-01 9.999999999999994449e-01
7.774999999999999689e-01 6.236705700002419306e+00 3.410651120605469044e-01 1.000000000000000000e+01 7.774999999999995026e+00 9.999999999999986677e-01 9.999999999999991118e-01
7.800000000000000266e-01 6.270164370347459659e+00 3.422858139648437548e-01 1.000000000000000000e+01 7.799999999999997158e+00 9.999999999999966693e-01 9.999999999999980016e-01
7.824999999999999734e-01 6.303694610095345929e+00 3.435065158691406051e-01 1.000000000000000000e+01 7.824999999999999289e+00 9.999999999999984457e-01 9.999999999999997780e-01
7.850000000000000311e-01 6.337296342945850647e+00 3.447272177734375109e-01 1.000000000000000000e+01 7.850000000000001421e+00 9.999999999999985567e-01 9.999999999999997780e-01
7.874999999999999778e-01 6.370969492923070021e+00 3.459479196777344168e-01 1.000000000000000000e+01 7.875000000000002665e+00 1.000000000000002665e+00 1.000000000000001110e+00
7.900000000000000355e-01 6.404713984373051616e+00 3.471686215820312671e-01 1.000000000000000000e+01 7.900000000000003908e+00 1.000000000000003553e+00 1.000000000000001998e+00
7.924999999999999822e-01 6.438529741961382946e+00 3.483893234863281174e-01 1.000000000000000000e+01 7.925000000000004263e+00 1.000000000000003331e+00 1.000000000000001998e+00
7.950000000000000400e-01 6.472416690670859118e+00 3.496100253906250233e-01 1.000000000000000000e+01 7.950000000000006395e+00 1.000000000000003109e+00 1.000000000000001554e+00
7.974999999999999867e-01 6.506374755799134491e+00 3.508307272949219291e-01 1.000000000000000000e+01 7.975000000000003197e+00 1.000000000000000000e+00 1.000000000000000444e+00
8.000000000000000444e-01 6.540403862956433834e+00 3.520514291992187794e-01 1.000000000000000000e+01 8.000000000000003553e+00 9.999999999999987788e-01 9.999999999999990008e-01
8.024999999999999911e-01 6.574503938063251951e+00 3.532721311035156297e-01 1.000000000000000000e+01 8.025000000000007461e+00 1.000000000000001554e+00 1.000000000000000666e+00
8.050000000000000488e-01 6.608674907348127903e+00 3.544928330078125356e-01 1.000000000000000000e+01 8.049999999999993605e+00 1.000000000000001332e+00 1.000000000000001332e+00
8.074999999999999956e-01 6.642916697345395249e+00 3.557135349121094414e-01 1.000000000000000000e+01 8.074999999999993960e+00 9.999999999999984457e-01 9.999999999999986677e-01
8.100000000000000533e-01 6.677229234892939402e+00 3.569342368164062917e-01 1.000000000000000000e+01 8.099999999999996092e+00 9.999999999999958922e-01 9.999999999999983347e-01
8.125000000000000000e-01 6.711612447130031356e+00 3.581549387207031421e-01 1.000000000000000000e+01 8.124999999999994671e+00 1.000000000000001332e+00 1.000000000000001110e+00
8.150000000000000577e-01 6.746066261495222705e+00 3.593756406249999924e-01 1.000000000000000000e+01 8.149999999999996803e+00 9.999999999999994449e-01 9.999999999999984457e-01
8.175000000000000044e-01 6.780590605724071906e+00 3.605963425292968427e-01 1.000000000000000000e+01 8.174999999999998934e+00 1.000000000000002220e+00 1.000000000000001554e+00
8.200000000000000622e-01 6.815185407847153876e+00 3.618170444335936931e-01 1.000000000000000000e+01 8.200000000000001066e+00 1.000000000000002220e+00 1.000000000000000666e+00
8.225000000000000089e-01 6.849850596187872398e+00 3.630377463378905434e-01 1.000000000000000000e+01 8.225000000000001421e+00 1.000000000000000444e+00 1.000000000000000666e+00
8.250000000000000666e-01 6.884586099360410216e+00 3.642584482421874492e-01 1.000000000000000000e+01 8.250000000000003553e+00 9.999999999999985567e-01 9.999999999999987788e-01
8.275000000000000133e-01 6.919391846267673785e+00 3.654791501464843551e-01 1.000000000000000000e+01 8.275000000000003908e+00 9.999999999999984457e-01 1.000000000000000000e+00
8.300000000000000711e-01 6.954267766099249570e+00 3.666998520507812054e-01 1.000000000000000000e+01 8.300000000000004263e+00 1.000000000000003775e+00 1.000000000000001554e+00
8.325000000000000178e-01 6.989213788329412758e+00 3.679205539550780557e-01 1.000000000000000000e+01 8.325000000000004619e+00 1.000000000000003553e+00 1.000000000000001776e+00
8.349999999999999645e-01 7.024229842715080885e+00 3.691412558593749615e-01 1.000000000000000000e+01 8.350000000000001421e+00 1.000000000000002665e+00 1.000000000000001332e+00
8.375000000000000222e-01 7.059315859293887385e+00 3.703619577636718674e-01 1.000000000000000000e+01 8.375000000000005329e+00 9.999999999999991118e-01 9.999999999999994449e-01
8.399999999999999689e-01 7.094471768382164534e+00 3.715826596679687177e-01 1.000000000000000000e+01 8.399999999999991473e+00 9.999999999999970024e-01 9.999999999999988898e-01
8.425000000000000266e-01 7.129697500573088043e+00 3.728033615722655680e-01 1.000000000000000000e+01 8.424999999999995381e+00 9.999999999999964473e-01 9.999999999999975575e-01
8.449999999999999734e-01 7.164992986734670666e+00 3.740240634765624739e-01 1.000000000000000000e+01 8.449999999999995737e+00 9.999999999999985567e-01 9.999999999999990008e-01
8.475000000000000311e-01 7.200358158007946763e+00 3.752447653808593797e-01 1.000000000000000000e+01 8.474999999999997868e+00 9.999999999999984457e-01 9.999999999999988898e-01
8.499999999999999778e-01 7.235792945805012977e+00 3.764654672851562300e-01 1.000000000000000000e+01 8.499999999999994671e+00 1.000000000000002442e+00 1.000000000000000666e+00
8.525000000000000355e-01 7.271297281807246549e+00 3.776861691894530804e-01 1.000000000000000000e+01 8.525000000000000355e+00 1.000000000000001776e+00 1.000000000000001332e+00
8.549999999999999822e-01 7.306871097963376194e+00 3.789068710937499862e-01 1.000000000000000000e+01 8.550000000000000711e+00 9.999999999999987788e-01 1.000000000000000888e+00
8.575000000000000400e-01 7.342514326487716403e+00 3.801275729980468920e-01 1.000000000000000000e+01 8.575000000000002842e+00 9.999999999999977796e-01 9.999999999999988898e-01
8.599999999999999867e-01 7.378226899858328025e+00 3.813482749023437424e-01 1.000000000000000000e+01 8.600000000000003197e+00 9.999999999999991118e-01 1.000000000000000444e+00
8.625000000000000444e-01 7.414008750815255233e+00 3.825689768066405927e-01 1.000000000000000000e+01 8.625000000000001776e+00 1.000000000000002665e+00 1.000000000000002887e+00
8.649999999999999911e-01 7.449859812358746503e+00 3.837896787109374985e-01 1.000000000000000000e+01 8.650000000000005684e+00 1.000000000000001998e+00 1.000000000000001332e+00
8.675000000000000488e-01 7.485780017747448056e+00 3.850103806152344044e-01 1.000000000000000000e+01 8.675000000000002487e+00 1.000000000000002887e+00 1.000000000000002665e+00
8.699999999999999956e-01 7.521769300496756294e+00 3.862310825195312547e-01 1.000000000000000000e+01 8.700000000000002842e+00 9.999999999999993339e-01 9.999999999999993339e-01
8.725000000000000533e-01 7.557827594376983704e+00 3.876959248046875084e-01 1.000000000000000000e+01 8.725000000000001421e+00 1.000000000000003109e+00 1.000000000000002220e+00
8.750000000000000000e-01 7.593954833411770800e+00 3.889166267089844142e-01 1.000000000000000000e+01 8.750000000000007105e+00 1.000000000000004219e+00 1.000000000000002442e+00
8.775000000000000577e-01 7.630150951876306209e+00 3.901373286132812090e-01 1.000000000000000000e+01 8.774999999999993250e+00 9.999999999999997780e-01 1.000000000000000222e+00
8.800000000000000044e-01 7.666415884295687100e+00 3.913580305175780594e-01 1.000000000000000000e+01 8.799999999999997158e+00 9.999999999999987788e-01 9.999999999999998890e-01
8.825000000000000622e-01 7.702749565443256508e+00 3.925787324218749097e-01 1.000000000000000000e+01 8.824999999999995737e+00 9.999999999999976685e-01 9.999999999999992228e-01
8.850000000000000089e-01 7.739151930338961094e+00 3.937994343261718155e-01 1.000000000000000000e+01 8.849999999999997868e+00 1.000000000000000222e+00 9.999999999999991118e-01
8.875000000000000666e-01 7.775622914247731998e+00 3.950201362304686659e-01 1.000000000000000000e+01 8.874999999999996447e+00 1.000000000000002442e+00 1.000000000000001776e+00
8.900000000000000133e-01 7.812162452677881674e+00 3.962408381347655162e-01 1.000000000000000000e+01 8.900000000000002132e+00 1.000000000000000222e+00 1.000000000000000444e+00
8.925000000000000711e-01 7.848770481379448327e+00 3.974615400390624220e-01 1.000000000000000000e+01 8.925000000000000711e+00 1.000000000000001110e+00 9.999999999999995559e-01
8.950000000000000178e-01 7.885446936342700219e+00 3.986822419433593279e-01 1.000000000000000000e+01 8.949999999999997513e+00 9.999999999999986677e-01 9.999999999999986677e-01
8.974999999999999645e-01 7.922191753796491653e+00 3.999029438476561782e-01 1.000000000000000000e+01 8.975000000000004974e+00 1.000000000000001998e+00 1.000000000000001332e+00
9.000000000000000222e-01 7.959004870206790372e+00 4.011236457519530285e-01 1.000000000000000000e+01 9.000000000000001776e+00 9.999999999999997780e-01 9.999999999999998890e-01
9.024999999999999689e-01 7.995886222275038868e+00 4.023443476562499344e-01 1.000000000000000000e+01 9.025000000000005684e+00 1.000000000000001998e+00 1.000000000000001332e+00
9.050000000000000266e-01 8.032835746936726196e+00 4.035650495605468402e-01 1.000000000000000000e+01 9.050000000000002487e+00 1.000000000000003997e+00 1.000000000000002665e+00
9.074999999999999734e-01 8.069853381359846978e+00 4.047857514648436905e-01 1.000000000000000000e+01 9.075000000000006395e+00 9.999999999999983347e-01 9.999999999999987788e-01
9.100000000000000311e-01 8.106939062943331109e+00 4.062505937499999442e-01 1.000000000000000000e+01 9.100000000000003197e+00 1.000000000000002665e+00 1.000000000000001110e+00
9.124999999999999778e-01 8.144092729315717705e+00 4.074712956542968501e-01 1.000000000000000000e+01 9.124999999999996447e+00 9.999999999999991118e-01 9.999999999999986677e-01
9.150000000000000355e-01 8.181314318333530622e+00 4.086919975585937004e-01 1.000000000000000000e+01 9.149999999999993250e+00 9.999999999999970024e-01 9.999999999999982236e-01
9.174999999999999822e-01 8.218603768079892902e+00 4.099126994628905507e-01 1.000000000000000000e+01 9.175000000000000711e+00 1.000000000000002442e+00 1.000000000000001110e+00
9.200000000000000400e-01 8.255961016863127000e+00 4.111334013671874565e-01 1.000000000000000000e+01 9.199999999999993960e+00 1.000000000000001110e+00 1.000000000000001332e+00
9.224999999999999867e-01 8.293386003215248437e+00 4.123541032714843624e-01 1.000000000000000000e+01 9.225000000000001421e+00 9.999999999999995559e-01 1.000000000000000222e+00
9.250000000000000444e-01 8.330878665890562473e+00 4.135748051757812127e-01 1.000000000000000000e+01 9.249999999999998224e+00 9.999999999999981126e-01 9.999999999999981126e-01
9.274999999999999911e-01 8.368438943864296320e+00 4.147955070800780630e-01 1.000000000000000000e+01 9.275000000000003908e+00 1.000000000000002220e+00 1.000000000000002665e+00
9.300000000000000488e-01 8.406066776331218904e+00 4.160162089843749689e-01 1.000000000000000000e+01 9.300000000000000711e+00 1.000000000000000888e+00 1.000000000000000888e+00
9.324999999999999956e-01 8.443762102704200245e+00 4.172369108886718747e-01 1.000000000000000000e+01 9.324999999999997513e+00 9.999999999999978906e-01 9.999999999999995559e-01
9.350000000000000533e-01 8.481524862612882742e+00 4.184576127929687250e-01 1.000000000000000000e+01 9.350000000000004974e+00 1.000000000000001998e+00 9.999999999999995559e-01
9.375000000000000000e-01 8.519354995902343575e+00 4.199224550781249787e-01 1.000000000000000000e+01 9.375000000000000000e+00 9.999999999999997780e-01 1.000000000000000000e+00
9.400000000000000577e-01 8.557252442631723355e+00 4.211431569824218846e-01 1.000000000000000000e+01 9.400000000000007461e+00 9.999999999999992228e-01 1.000000000000000222e+00
9.425000000000000044e-01 8.595217143072902743e+00 4.223638588867187349e-01 1.000000000000000000e+01 9.425000000000002487e+00 1.000000000000000444e+00 1.000000000000001110e+00
9.450000000000000622e-01 8.633249037709214591e+00 4.235845607910155852e-01 1.000000000000000000e+01 9.450000000000008171e+00 1.000000000000000444e+00 1.000000000000000666e+00
9.475000000000000089e-01 8.671348067234083246e+00 4.248052626953124911e-01 1.000000000000000000e+01 9.474999999999988987e+00 9.999999999999976685e-01 9.999999999999982236e-01
9.500000000000000666e-01 8.709514172549772226e+00 4.260259645996093969e-01 1.000000000000000000e+01 9.499999999999998224e+00 1.000000000000002887e+00 1.000000000000001776e+00
9.525000000000000133e-01 8.747747294766114123e+00 4.272466665039062472e-01 1.000000000000000000e+01 9.524999999999993250e+00 9.999999999999978906e-01 9.999999999999992228e-01
9.550000000000000711e-01 8.786047375199155240e+00 4.284673684082030976e-01 1.000000000000000000e+01 9.550000000000002487e+00 1.000000000000001554e+00 1.000000000000001110e+00
9.575000000000000178e-01 8.824414355370002738e+00 4.296880703125000034e-01 1.000000000000000000e+01 9.574999999999995737e+00 9.999999999999991118e-01 1.000000000000000666e+00
9.599999999999999645e-01 8.862848177003504802e+00 4.311529125976562571e-01 1.000000000000000000e+01 9.600000000000003197e+00 9.999999999999997780e-01 1.000000000000000444e+00
9.625000000000000222e-01 8.901348782027028506e+00 4.321294741210937596e-01 1.000000000000000000e+01 9.625000000000000000e+00 9.999999999999994449e-01 9.999999999999992228e-01
9.649999999999999689e-01 8.939916112569225248e+00 4.335943164062500133e-01 1.000000000000000000e+01 9.649999999999993250e+00 1.000000000000000222e+00 9.999999999999996669e-01
9.675000000000000266e-01 8.978550110958845920e+00 4.348150183105469191e-01 1.000000000000000000e+01 9.675000000000002487e+00 1.000000000000003997e+00 1.000000000000001554e+00
9.699999999999999734e-01 9.017250719723504560e+00 4.360357202148437694e-01 1.000000000000000000e+01 9.699999999999997513e+00 1.000000000000000222e+00 9.999999999999997780e-01
9.725000000000000311e-01 9.056017881588450891e+00 4.372564221191406197e-01 1.000000000000000000e+01 9.725000000000006750e+00 1.000000000000001998e+00 1.000000000000000888e+00
9.749999999999999778e-01 9.094851539475445890e+00 4.384771240234374146e-01 1.000000000000000000e+01 9.749999999999998224e+00 1.000000000000003331e+00 1.000000000000002220e+00
9.775000000000000355e-01 9.133751636501578730e+00 4.396978259277343204e-01 1.000000000000000000e+01 9.775000000000007461e+00 1.000000000000000666e+00 1.000000000000000888e+00
9.799999999999999822e-01 9.172718115978025111e+00 4.409185278320311707e-01 1.000000000000000000e+01 9.800000000000002487e+00 1.000000000000000666e+00 9.999999999999994449e-01
9.825000000000000400e-01 9.211750921408984993e+00 4.423833701171874244e-01 1.000000000000000000e+01 9.825000000000008171e+00 1.000000000000001776e+00 1.000000000000001332e+00
9.849999999999999867e-01 9.250849996490483562e+00 4.433599316406249269e-01 1.000000000000000000e+01 9.849999999999990763e+00 9.999999999999983347e-01 9.999999999999990008e-01
9.875000000000000444e-01 9.290015285109243237e+00 4.448247739257811806e-01 1.000000000000000000e+01 9.875000000000000000e+00 1.000000000000000888e+00 1.000000000000000444e+00
9.899999999999999911e-01 9.329246731341562793e+00 4.460454758300780309e-01 1.000000000000000000e+01 9.899999999999995026e+00 1.000000000000001554e+00 1.000000000000001776e+00
9.925000000000000488e-01 9.368544279452210688e+00 4.472661777343749367e-01 1.000000000000000000e+01 9.925000000000000711e+00 1.000000000000000000e+00 9.999999999999992228e-01
9.949999999999999956e-01 9.407907873893252670e+00 4.484868796386718426e-01 1.000000000000000000e+01 9.949999999999995737e+00 1.000000000000000666e+00 1.000000000000000888e+00
9.975000000000000533e-01 9.447337459303062346e+00 4.497075815429686929e-01 1.000000000000000000e+01 9.975000000000006750e+00 1.000000000000003553e+00 1.000000000000003109e+00
1.000000000000000000e+00 9.486832980505136348e+00 4.509282834472655432e-01 1.000000000000000000e+01 1.000000000000000000e+01 9.999999999999997780e-01 1.000000000000000888e+00
